(kicad_pcb (version 20171130) (host pcbnew "(5.1.10)-1")

  (general
    (thickness 1.6)
    (drawings 150)
    (tracks 2502)
    (zones 0)
    (modules 143)
    (nets 225)
  )

  (page A4)
  (title_block
    (title "Graphics Gremlin (with HDMI)")
    (date 2021-08-09)
    (rev 2.1)
    (comment 1 "Copyright (C) 2021 Tube Time")
    (comment 2 "License. See https://creativecommons.org/licenses/by-sa/4.0/")
    (comment 3 "This work is licensed under a Creative Commons Attribution-ShareAlike 4.0 International")
  )

  (layers
    (0 F.Cu signal)
    (1 In1.Cu power hide)
    (2 In2.Cu power hide)
    (31 B.Cu signal)
    (32 B.Adhes user)
    (33 F.Adhes user)
    (34 B.Paste user)
    (35 F.Paste user)
    (36 B.SilkS user)
    (37 F.SilkS user)
    (38 B.Mask user)
    (39 F.Mask user)
    (40 Dwgs.User user hide)
    (41 Cmts.User user)
    (42 Eco1.User user)
    (43 Eco2.User user)
    (44 Edge.Cuts user)
    (45 Margin user)
    (46 B.CrtYd user)
    (47 F.CrtYd user)
    (48 B.Fab user)
    (49 F.Fab user)
  )

  (setup
    (last_trace_width 0.1524)
    (user_trace_width 0.1524)
    (user_trace_width 0.254)
    (user_trace_width 0.3048)
    (user_trace_width 0.34)
    (user_trace_width 0.762)
    (user_trace_width 1)
    (user_trace_width 1.5)
    (trace_clearance 0.15)
    (zone_clearance 0.3048)
    (zone_45_only no)
    (trace_min 0.15)
    (via_size 0.7112)
    (via_drill 0.3048)
    (via_min_size 0.7112)
    (via_min_drill 0.3048)
    (user_via 1 0.8)
    (uvia_size 0.3)
    (uvia_drill 0.1)
    (uvias_allowed no)
    (uvia_min_size 0.3)
    (uvia_min_drill 0.1)
    (edge_width 0.05)
    (segment_width 0.2)
    (pcb_text_width 0.3)
    (pcb_text_size 1.5 1.5)
    (mod_edge_width 0.12)
    (mod_text_size 1 1)
    (mod_text_width 0.15)
    (pad_size 1.524 1.524)
    (pad_drill 0.762)
    (pad_to_mask_clearance 0)
    (aux_axis_origin 0 0)
    (visible_elements 7FFFFFFF)
    (pcbplotparams
      (layerselection 0x010fc_ffffffff)
      (usegerberextensions false)
      (usegerberattributes false)
      (usegerberadvancedattributes false)
      (creategerberjobfile false)
      (excludeedgelayer true)
      (linewidth 0.100000)
      (plotframeref false)
      (viasonmask false)
      (mode 1)
      (useauxorigin false)
      (hpglpennumber 1)
      (hpglpenspeed 20)
      (hpglpendiameter 15.000000)
      (psnegative false)
      (psa4output false)
      (plotreference true)
      (plotvalue true)
      (plotinvisibletext false)
      (padsonsilk false)
      (subtractmaskfromsilk false)
      (outputformat 1)
      (mirror false)
      (drillshape 0)
      (scaleselection 1)
      (outputdirectory "../fab/"))
  )

  (net 0 "")
  (net 1 "Net-(C1-Pad1)")
  (net 2 GND)
  (net 3 +5V)
  (net 4 +3V3)
  (net 5 +1V2)
  (net 6 "Net-(C6-Pad1)")
  (net 7 "Net-(C6-Pad2)")
  (net 8 "Net-(C12-Pad1)")
  (net 9 "Net-(C12-Pad2)")
  (net 10 "Net-(F1-Pad1)")
  (net 11 /CDONE)
  (net 12 /~CRESET)
  (net 13 /SPI_SCK)
  (net 14 /ABLUE)
  (net 15 /AGREEN)
  (net 16 /ARED)
  (net 17 /vga_dac/COMPOSITE)
  (net 18 "/Bus Interface/~IOR_5V")
  (net 19 "/Bus Interface/~IOW_5V")
  (net 20 "/Bus Interface/~SMEMR_5V")
  (net 21 "/Bus Interface/~SMEMW_5V")
  (net 22 "/Bus Interface/~0WS_5V")
  (net 23 "/Bus Interface/A0_5V")
  (net 24 "/Bus Interface/A1_5V")
  (net 25 "/Bus Interface/A2_5V")
  (net 26 "/Bus Interface/A3_5V")
  (net 27 "/Bus Interface/A4_5V")
  (net 28 "/Bus Interface/A5_5V")
  (net 29 "/Bus Interface/A6_5V")
  (net 30 "/Bus Interface/A7_5V")
  (net 31 "/Bus Interface/A8_5V")
  (net 32 "/Bus Interface/A9_5V")
  (net 33 "/Bus Interface/A10_5V")
  (net 34 "/Bus Interface/A11_5V")
  (net 35 "/Bus Interface/A12_5V")
  (net 36 "/Bus Interface/A13_5V")
  (net 37 "/Bus Interface/A14_5V")
  (net 38 "/Bus Interface/A15_5V")
  (net 39 "/Bus Interface/A16_5V")
  (net 40 "/Bus Interface/A17_5V")
  (net 41 "/Bus Interface/A18_5V")
  (net 42 "/Bus Interface/A19_5V")
  (net 43 "/Bus Interface/RDY_5V")
  (net 44 "/Bus Interface/D0_5V")
  (net 45 "/Bus Interface/D1_5V")
  (net 46 "/Bus Interface/D2_5V")
  (net 47 "/Bus Interface/D3_5V")
  (net 48 "/Bus Interface/D4_5V")
  (net 49 "/Bus Interface/D5_5V")
  (net 50 "/Bus Interface/D6_5V")
  (net 51 "/Bus Interface/D7_5V")
  (net 52 /SPI_~CS)
  (net 53 "Net-(R2-Pad2)")
  (net 54 "Net-(R3-Pad2)")
  (net 55 /CBSEL0)
  (net 56 /CBSEL1)
  (net 57 "Net-(R6-Pad1)")
  (net 58 "Net-(R9-Pad2)")
  (net 59 "Net-(R10-Pad1)")
  (net 60 /OSC14M318)
  (net 61 /BUSCLK)
  (net 62 "Net-(R11-Pad1)")
  (net 63 "/Bus Interface/DATA_DIR")
  (net 64 "Net-(R16-Pad2)")
  (net 65 "Net-(R17-Pad2)")
  (net 66 "Net-(R19-Pad2)")
  (net 67 "Net-(RN1-Pad7)")
  (net 68 "Net-(RN1-Pad6)")
  (net 69 "Net-(RN1-Pad5)")
  (net 70 "Net-(RN2-Pad6)")
  (net 71 "Net-(RN2-Pad8)")
  (net 72 "Net-(RN3-Pad7)")
  (net 73 "Net-(RN3-Pad8)")
  (net 74 "Net-(RN3-Pad6)")
  (net 75 "Net-(RN3-Pad5)")
  (net 76 "Net-(RN4-Pad6)")
  (net 77 "Net-(RN4-Pad8)")
  (net 78 "Net-(RN10-Pad2)")
  (net 79 "Net-(RN10-Pad1)")
  (net 80 "Net-(RN10-Pad3)")
  (net 81 "Net-(RN10-Pad4)")
  (net 82 "Net-(RN10-Pad5)")
  (net 83 /BUSRESET)
  (net 84 /RESET_5V)
  (net 85 /BUSCLK_5V)
  (net 86 /OSC_14M318_5V)
  (net 87 /ALE_5V)
  (net 88 /AEN_5V)
  (net 89 /RAM/~RAM_WE)
  (net 90 /RA18)
  (net 91 /RA9)
  (net 92 /RA5)
  (net 93 /RA6)
  (net 94 /RA7)
  (net 95 /RA8)
  (net 96 /RA13)
  (net 97 /RA12)
  (net 98 /RA11)
  (net 99 /RA10)
  (net 100 /RA14)
  (net 101 /RD2)
  (net 102 /RD5)
  (net 103 /RD3)
  (net 104 /RD4)
  (net 105 /RD0)
  (net 106 /RD7)
  (net 107 /RD1)
  (net 108 /RD6)
  (net 109 /RA17)
  (net 110 /RA3)
  (net 111 /RA16)
  (net 112 /RA4)
  (net 113 /RA15)
  (net 114 /RA0)
  (net 115 /RA1)
  (net 116 /RA2)
  (net 117 /D0)
  (net 118 /D1)
  (net 119 /D2)
  (net 120 /D3)
  (net 121 /D4)
  (net 122 /D5)
  (net 123 /D6)
  (net 124 /D7)
  (net 125 /A8)
  (net 126 /A9)
  (net 127 /A10)
  (net 128 /A11)
  (net 129 /A12)
  (net 130 /A13)
  (net 131 /A14)
  (net 132 /A15)
  (net 133 /A0)
  (net 134 /A1)
  (net 135 /A2)
  (net 136 /A3)
  (net 137 /A4)
  (net 138 /A5)
  (net 139 /A6)
  (net 140 /A7)
  (net 141 /A16)
  (net 142 /A17)
  (net 143 /A18)
  (net 144 /A19)
  (net 145 /~IOR)
  (net 146 /~IOW)
  (net 147 /~SMEMR)
  (net 148 /~SMEMW)
  (net 149 /AEN)
  (net 150 /ALE)
  (net 151 /B0)
  (net 152 /B1)
  (net 153 /B2)
  (net 154 /B3)
  (net 155 /B4)
  (net 156 /B5)
  (net 157 /G6)
  (net 158 /G2)
  (net 159 /G4)
  (net 160 /G3)
  (net 161 /G5)
  (net 162 /G0)
  (net 163 /G1)
  (net 164 /R2)
  (net 165 /R4)
  (net 166 /R3)
  (net 167 /R5)
  (net 168 /R0)
  (net 169 /R1)
  (net 170 /SW2)
  (net 171 /SW3)
  (net 172 /SPI_CIPO)
  (net 173 /SPI_COPI)
  (net 174 "Net-(C30-Pad1)")
  (net 175 /VGA_VSYNC_5V)
  (net 176 /VGA_HSYNC_5V)
  (net 177 "/Bus Interface/RDY")
  (net 178 "/Bus Interface/~0WS")
  (net 179 "Net-(R25-Pad1)")
  (net 180 "Net-(R27-Pad2)")
  (net 181 "Net-(R28-Pad2)")
  (net 182 "Net-(R29-Pad2)")
  (net 183 "Net-(R30-Pad2)")
  (net 184 /VGA_HSYNC)
  (net 185 /VGA_VSYNC)
  (net 186 +12V)
  (net 187 "Net-(R31-Pad1)")
  (net 188 /OSC10M)
  (net 189 /hdmi/TVDD)
  (net 190 /hdmi/DVDD)
  (net 191 /hdmi/PVDD)
  (net 192 "Net-(D1-Pad2)")
  (net 193 "Net-(D2-Pad2)")
  (net 194 "Net-(D3-Pad2)")
  (net 195 /hdmi/MSEN)
  (net 196 "Net-(J4-Pad18)")
  (net 197 /hdmi/CK-)
  (net 198 /hdmi/CK+)
  (net 199 /hdmi/D0-)
  (net 200 /hdmi/D0+)
  (net 201 /hdmi/D1-)
  (net 202 /hdmi/D1+)
  (net 203 /hdmi/D2-)
  (net 204 /hdmi/D2+)
  (net 205 /HDMI_VS)
  (net 206 /HDMI_DE)
  (net 207 /HDMI_BLU)
  (net 208 /HDMI_RED)
  (net 209 /HDMI_INT)
  (net 210 /HDMI_HS)
  (net 211 /HDMI_CLK)
  (net 212 /HDMI_GRN)
  (net 213 "Net-(R35-Pad2)")
  (net 214 "Net-(R37-Pad2)")
  (net 215 "Net-(R39-Pad2)")
  (net 216 "Net-(R41-Pad2)")
  (net 217 "Net-(R43-Pad1)")
  (net 218 /hdmi/PD)
  (net 219 "Net-(R47-Pad2)")
  (net 220 "Net-(R49-Pad2)")
  (net 221 "Net-(R50-Pad1)")
  (net 222 "Net-(R51-Pad2)")
  (net 223 "Net-(R52-Pad2)")
  (net 224 /HDMI_PD)

  (net_class Default "This is the default net class."
    (clearance 0.15)
    (trace_width 0.1524)
    (via_dia 0.7112)
    (via_drill 0.3048)
    (uvia_dia 0.3)
    (uvia_drill 0.1)
    (diff_pair_width 0.34)
    (diff_pair_gap 0.15)
    (add_net +12V)
    (add_net +1V2)
    (add_net +3V3)
    (add_net +5V)
    (add_net /A0)
    (add_net /A1)
    (add_net /A10)
    (add_net /A11)
    (add_net /A12)
    (add_net /A13)
    (add_net /A14)
    (add_net /A15)
    (add_net /A16)
    (add_net /A17)
    (add_net /A18)
    (add_net /A19)
    (add_net /A2)
    (add_net /A3)
    (add_net /A4)
    (add_net /A5)
    (add_net /A6)
    (add_net /A7)
    (add_net /A8)
    (add_net /A9)
    (add_net /ABLUE)
    (add_net /AEN)
    (add_net /AEN_5V)
    (add_net /AGREEN)
    (add_net /ALE)
    (add_net /ALE_5V)
    (add_net /ARED)
    (add_net /B0)
    (add_net /B1)
    (add_net /B2)
    (add_net /B3)
    (add_net /B4)
    (add_net /B5)
    (add_net /BUSCLK)
    (add_net /BUSCLK_5V)
    (add_net /BUSRESET)
    (add_net "/Bus Interface/A0_5V")
    (add_net "/Bus Interface/A10_5V")
    (add_net "/Bus Interface/A11_5V")
    (add_net "/Bus Interface/A12_5V")
    (add_net "/Bus Interface/A13_5V")
    (add_net "/Bus Interface/A14_5V")
    (add_net "/Bus Interface/A15_5V")
    (add_net "/Bus Interface/A16_5V")
    (add_net "/Bus Interface/A17_5V")
    (add_net "/Bus Interface/A18_5V")
    (add_net "/Bus Interface/A19_5V")
    (add_net "/Bus Interface/A1_5V")
    (add_net "/Bus Interface/A2_5V")
    (add_net "/Bus Interface/A3_5V")
    (add_net "/Bus Interface/A4_5V")
    (add_net "/Bus Interface/A5_5V")
    (add_net "/Bus Interface/A6_5V")
    (add_net "/Bus Interface/A7_5V")
    (add_net "/Bus Interface/A8_5V")
    (add_net "/Bus Interface/A9_5V")
    (add_net "/Bus Interface/D0_5V")
    (add_net "/Bus Interface/D1_5V")
    (add_net "/Bus Interface/D2_5V")
    (add_net "/Bus Interface/D3_5V")
    (add_net "/Bus Interface/D4_5V")
    (add_net "/Bus Interface/D5_5V")
    (add_net "/Bus Interface/D6_5V")
    (add_net "/Bus Interface/D7_5V")
    (add_net "/Bus Interface/DATA_DIR")
    (add_net "/Bus Interface/RDY")
    (add_net "/Bus Interface/RDY_5V")
    (add_net "/Bus Interface/~0WS")
    (add_net "/Bus Interface/~0WS_5V")
    (add_net "/Bus Interface/~IOR_5V")
    (add_net "/Bus Interface/~IOW_5V")
    (add_net "/Bus Interface/~SMEMR_5V")
    (add_net "/Bus Interface/~SMEMW_5V")
    (add_net /CBSEL0)
    (add_net /CBSEL1)
    (add_net /CDONE)
    (add_net /D0)
    (add_net /D1)
    (add_net /D2)
    (add_net /D3)
    (add_net /D4)
    (add_net /D5)
    (add_net /D6)
    (add_net /D7)
    (add_net /G0)
    (add_net /G1)
    (add_net /G2)
    (add_net /G3)
    (add_net /G4)
    (add_net /G5)
    (add_net /G6)
    (add_net /HDMI_BLU)
    (add_net /HDMI_CLK)
    (add_net /HDMI_DE)
    (add_net /HDMI_GRN)
    (add_net /HDMI_HS)
    (add_net /HDMI_INT)
    (add_net /HDMI_PD)
    (add_net /HDMI_RED)
    (add_net /HDMI_VS)
    (add_net /OSC10M)
    (add_net /OSC14M318)
    (add_net /OSC_14M318_5V)
    (add_net /R0)
    (add_net /R1)
    (add_net /R2)
    (add_net /R3)
    (add_net /R4)
    (add_net /R5)
    (add_net /RA0)
    (add_net /RA1)
    (add_net /RA10)
    (add_net /RA11)
    (add_net /RA12)
    (add_net /RA13)
    (add_net /RA14)
    (add_net /RA15)
    (add_net /RA16)
    (add_net /RA17)
    (add_net /RA18)
    (add_net /RA2)
    (add_net /RA3)
    (add_net /RA4)
    (add_net /RA5)
    (add_net /RA6)
    (add_net /RA7)
    (add_net /RA8)
    (add_net /RA9)
    (add_net /RAM/~RAM_WE)
    (add_net /RD0)
    (add_net /RD1)
    (add_net /RD2)
    (add_net /RD3)
    (add_net /RD4)
    (add_net /RD5)
    (add_net /RD6)
    (add_net /RD7)
    (add_net /RESET_5V)
    (add_net /SPI_CIPO)
    (add_net /SPI_COPI)
    (add_net /SPI_SCK)
    (add_net /SPI_~CS)
    (add_net /SW2)
    (add_net /SW3)
    (add_net /VGA_HSYNC)
    (add_net /VGA_HSYNC_5V)
    (add_net /VGA_VSYNC)
    (add_net /VGA_VSYNC_5V)
    (add_net /hdmi/CK+)
    (add_net /hdmi/CK-)
    (add_net /hdmi/D0+)
    (add_net /hdmi/D0-)
    (add_net /hdmi/D1+)
    (add_net /hdmi/D1-)
    (add_net /hdmi/D2+)
    (add_net /hdmi/D2-)
    (add_net /hdmi/DVDD)
    (add_net /hdmi/MSEN)
    (add_net /hdmi/PD)
    (add_net /hdmi/PVDD)
    (add_net /hdmi/TVDD)
    (add_net /vga_dac/COMPOSITE)
    (add_net /~CRESET)
    (add_net /~IOR)
    (add_net /~IOW)
    (add_net /~SMEMR)
    (add_net /~SMEMW)
    (add_net GND)
    (add_net "Net-(C1-Pad1)")
    (add_net "Net-(C12-Pad1)")
    (add_net "Net-(C12-Pad2)")
    (add_net "Net-(C30-Pad1)")
    (add_net "Net-(C6-Pad1)")
    (add_net "Net-(C6-Pad2)")
    (add_net "Net-(D1-Pad2)")
    (add_net "Net-(D2-Pad2)")
    (add_net "Net-(D3-Pad2)")
    (add_net "Net-(F1-Pad1)")
    (add_net "Net-(J4-Pad18)")
    (add_net "Net-(R10-Pad1)")
    (add_net "Net-(R11-Pad1)")
    (add_net "Net-(R16-Pad2)")
    (add_net "Net-(R17-Pad2)")
    (add_net "Net-(R19-Pad2)")
    (add_net "Net-(R2-Pad2)")
    (add_net "Net-(R25-Pad1)")
    (add_net "Net-(R27-Pad2)")
    (add_net "Net-(R28-Pad2)")
    (add_net "Net-(R29-Pad2)")
    (add_net "Net-(R3-Pad2)")
    (add_net "Net-(R30-Pad2)")
    (add_net "Net-(R31-Pad1)")
    (add_net "Net-(R35-Pad2)")
    (add_net "Net-(R37-Pad2)")
    (add_net "Net-(R39-Pad2)")
    (add_net "Net-(R41-Pad2)")
    (add_net "Net-(R43-Pad1)")
    (add_net "Net-(R47-Pad2)")
    (add_net "Net-(R49-Pad2)")
    (add_net "Net-(R50-Pad1)")
    (add_net "Net-(R51-Pad2)")
    (add_net "Net-(R52-Pad2)")
    (add_net "Net-(R6-Pad1)")
    (add_net "Net-(R9-Pad2)")
    (add_net "Net-(RN1-Pad5)")
    (add_net "Net-(RN1-Pad6)")
    (add_net "Net-(RN1-Pad7)")
    (add_net "Net-(RN10-Pad1)")
    (add_net "Net-(RN10-Pad2)")
    (add_net "Net-(RN10-Pad3)")
    (add_net "Net-(RN10-Pad4)")
    (add_net "Net-(RN10-Pad5)")
    (add_net "Net-(RN2-Pad6)")
    (add_net "Net-(RN2-Pad8)")
    (add_net "Net-(RN3-Pad5)")
    (add_net "Net-(RN3-Pad6)")
    (add_net "Net-(RN3-Pad7)")
    (add_net "Net-(RN3-Pad8)")
    (add_net "Net-(RN4-Pad6)")
    (add_net "Net-(RN4-Pad8)")
  )

  (module Active:TSSOP50P810X120-48 (layer F.Cu) (tedit 5FF7957D) (tstamp 5FFCB1FD)
    (at 174.498 116.84 180)
    (path /603D2841)
    (attr smd)
    (fp_text reference U3 (at 0 -7.5 180) (layer F.SilkS)
      (effects (font (size 1 1) (thickness 0.15)))
    )
    (fp_text value 74ALVC164245 (at 0 0 180) (layer F.Fab)
      (effects (font (size 1 1) (thickness 0.15)))
    )
    (fp_line (start -3.1 -6.3) (end 3.1 -6.3) (layer F.Fab) (width 0.12))
    (fp_line (start 3.1 -6.3) (end 3.1 6.3) (layer F.Fab) (width 0.12))
    (fp_line (start 3.1 6.3) (end -3.1 6.3) (layer F.Fab) (width 0.12))
    (fp_line (start -3.1 6.3) (end -3.1 -6.3) (layer F.Fab) (width 0.12))
    (fp_poly (pts (xy -4.1 -5.89) (xy -3.1 -5.89) (xy -3.1 -5.61) (xy -4.1 -5.61)) (layer F.Fab) (width 0.01))
    (fp_poly (pts (xy -4.1 -5.39) (xy -3.1 -5.39) (xy -3.1 -5.11) (xy -4.1 -5.11)) (layer F.Fab) (width 0.01))
    (fp_poly (pts (xy -4.1 -4.89) (xy -3.1 -4.89) (xy -3.1 -4.61) (xy -4.1 -4.61)) (layer F.Fab) (width 0.01))
    (fp_poly (pts (xy -4.1 -4.39) (xy -3.1 -4.39) (xy -3.1 -4.11) (xy -4.1 -4.11)) (layer F.Fab) (width 0.01))
    (fp_poly (pts (xy -4.1 -3.89) (xy -3.1 -3.89) (xy -3.1 -3.61) (xy -4.1 -3.61)) (layer F.Fab) (width 0.01))
    (fp_poly (pts (xy -4.1 -3.39) (xy -3.1 -3.39) (xy -3.1 -3.11) (xy -4.1 -3.11)) (layer F.Fab) (width 0.01))
    (fp_poly (pts (xy -4.1 -2.89) (xy -3.1 -2.89) (xy -3.1 -2.61) (xy -4.1 -2.61)) (layer F.Fab) (width 0.01))
    (fp_poly (pts (xy -4.1 -2.39) (xy -3.1 -2.39) (xy -3.1 -2.11) (xy -4.1 -2.11)) (layer F.Fab) (width 0.01))
    (fp_poly (pts (xy -4.1 -1.89) (xy -3.1 -1.89) (xy -3.1 -1.61) (xy -4.1 -1.61)) (layer F.Fab) (width 0.01))
    (fp_poly (pts (xy -4.1 -1.39) (xy -3.1 -1.39) (xy -3.1 -1.11) (xy -4.1 -1.11)) (layer F.Fab) (width 0.01))
    (fp_poly (pts (xy -4.1 -0.89) (xy -3.1 -0.89) (xy -3.1 -0.61) (xy -4.1 -0.61)) (layer F.Fab) (width 0.01))
    (fp_poly (pts (xy -4.1 -0.39) (xy -3.1 -0.39) (xy -3.1 -0.11) (xy -4.1 -0.11)) (layer F.Fab) (width 0.01))
    (fp_poly (pts (xy -4.1 0.11) (xy -3.1 0.11) (xy -3.1 0.39) (xy -4.1 0.39)) (layer F.Fab) (width 0.01))
    (fp_poly (pts (xy -4.1 0.61) (xy -3.1 0.61) (xy -3.1 0.89) (xy -4.1 0.89)) (layer F.Fab) (width 0.01))
    (fp_poly (pts (xy -4.1 1.11) (xy -3.1 1.11) (xy -3.1 1.39) (xy -4.1 1.39)) (layer F.Fab) (width 0.01))
    (fp_poly (pts (xy -4.1 1.61) (xy -3.1 1.61) (xy -3.1 1.89) (xy -4.1 1.89)) (layer F.Fab) (width 0.01))
    (fp_poly (pts (xy -4.1 2.11) (xy -3.1 2.11) (xy -3.1 2.39) (xy -4.1 2.39)) (layer F.Fab) (width 0.01))
    (fp_poly (pts (xy -4.1 2.61) (xy -3.1 2.61) (xy -3.1 2.89) (xy -4.1 2.89)) (layer F.Fab) (width 0.01))
    (fp_poly (pts (xy -4.1 3.11) (xy -3.1 3.11) (xy -3.1 3.39) (xy -4.1 3.39)) (layer F.Fab) (width 0.01))
    (fp_poly (pts (xy -4.1 3.61) (xy -3.1 3.61) (xy -3.1 3.89) (xy -4.1 3.89)) (layer F.Fab) (width 0.01))
    (fp_poly (pts (xy -4.1 4.11) (xy -3.1 4.11) (xy -3.1 4.39) (xy -4.1 4.39)) (layer F.Fab) (width 0.01))
    (fp_poly (pts (xy -4.1 4.61) (xy -3.1 4.61) (xy -3.1 4.89) (xy -4.1 4.89)) (layer F.Fab) (width 0.01))
    (fp_poly (pts (xy -4.1 5.11) (xy -3.1 5.11) (xy -3.1 5.39) (xy -4.1 5.39)) (layer F.Fab) (width 0.01))
    (fp_poly (pts (xy -4.1 5.61) (xy -3.1 5.61) (xy -3.1 5.89) (xy -4.1 5.89)) (layer F.Fab) (width 0.01))
    (fp_poly (pts (xy 3.1 -5.39) (xy 4.1 -5.39) (xy 4.1 -5.11) (xy 3.1 -5.11)) (layer F.Fab) (width 0.01))
    (fp_poly (pts (xy 3.1 -2.89) (xy 4.1 -2.89) (xy 4.1 -2.61) (xy 3.1 -2.61)) (layer F.Fab) (width 0.01))
    (fp_poly (pts (xy 3.1 -3.39) (xy 4.1 -3.39) (xy 4.1 -3.11) (xy 3.1 -3.11)) (layer F.Fab) (width 0.01))
    (fp_poly (pts (xy 3.1 -1.89) (xy 4.1 -1.89) (xy 4.1 -1.61) (xy 3.1 -1.61)) (layer F.Fab) (width 0.01))
    (fp_poly (pts (xy 3.1 -4.39) (xy 4.1 -4.39) (xy 4.1 -4.11) (xy 3.1 -4.11)) (layer F.Fab) (width 0.01))
    (fp_poly (pts (xy 3.1 -3.89) (xy 4.1 -3.89) (xy 4.1 -3.61) (xy 3.1 -3.61)) (layer F.Fab) (width 0.01))
    (fp_poly (pts (xy 3.1 -1.39) (xy 4.1 -1.39) (xy 4.1 -1.11) (xy 3.1 -1.11)) (layer F.Fab) (width 0.01))
    (fp_poly (pts (xy 3.1 -0.89) (xy 4.1 -0.89) (xy 4.1 -0.61) (xy 3.1 -0.61)) (layer F.Fab) (width 0.01))
    (fp_poly (pts (xy 3.1 -0.39) (xy 4.1 -0.39) (xy 4.1 -0.11) (xy 3.1 -0.11)) (layer F.Fab) (width 0.01))
    (fp_poly (pts (xy 3.1 -2.39) (xy 4.1 -2.39) (xy 4.1 -2.11) (xy 3.1 -2.11)) (layer F.Fab) (width 0.01))
    (fp_poly (pts (xy 3.1 -4.89) (xy 4.1 -4.89) (xy 4.1 -4.61) (xy 3.1 -4.61)) (layer F.Fab) (width 0.01))
    (fp_poly (pts (xy 3.1 0.11) (xy 4.1 0.11) (xy 4.1 0.39) (xy 3.1 0.39)) (layer F.Fab) (width 0.01))
    (fp_poly (pts (xy 3.1 0.61) (xy 4.1 0.61) (xy 4.1 0.89) (xy 3.1 0.89)) (layer F.Fab) (width 0.01))
    (fp_poly (pts (xy 3.1 4.11) (xy 4.1 4.11) (xy 4.1 4.39) (xy 3.1 4.39)) (layer F.Fab) (width 0.01))
    (fp_poly (pts (xy 3.1 1.11) (xy 4.1 1.11) (xy 4.1 1.39) (xy 3.1 1.39)) (layer F.Fab) (width 0.01))
    (fp_poly (pts (xy 3.1 4.61) (xy 4.1 4.61) (xy 4.1 4.89) (xy 3.1 4.89)) (layer F.Fab) (width 0.01))
    (fp_poly (pts (xy 3.1 5.61) (xy 4.1 5.61) (xy 4.1 5.89) (xy 3.1 5.89)) (layer F.Fab) (width 0.01))
    (fp_poly (pts (xy 3.1 2.11) (xy 4.1 2.11) (xy 4.1 2.39) (xy 3.1 2.39)) (layer F.Fab) (width 0.01))
    (fp_poly (pts (xy 3.1 1.61) (xy 4.1 1.61) (xy 4.1 1.89) (xy 3.1 1.89)) (layer F.Fab) (width 0.01))
    (fp_poly (pts (xy 3.1 3.11) (xy 4.1 3.11) (xy 4.1 3.39) (xy 3.1 3.39)) (layer F.Fab) (width 0.01))
    (fp_poly (pts (xy 3.1 3.61) (xy 4.1 3.61) (xy 4.1 3.89) (xy 3.1 3.89)) (layer F.Fab) (width 0.01))
    (fp_poly (pts (xy 3.1 2.61) (xy 4.1 2.61) (xy 4.1 2.89) (xy 3.1 2.89)) (layer F.Fab) (width 0.01))
    (fp_poly (pts (xy 3.1 5.11) (xy 4.1 5.11) (xy 4.1 5.39) (xy 3.1 5.39)) (layer F.Fab) (width 0.01))
    (fp_poly (pts (xy 3.1 -5.89) (xy 4.1 -5.89) (xy 4.1 -5.61) (xy 3.1 -5.61)) (layer F.Fab) (width 0.01))
    (fp_line (start -3.3 -6.5) (end -0.3 -6.5) (layer F.SilkS) (width 0.15))
    (fp_line (start 3.3 -6.5) (end 3.3 -6.1) (layer F.SilkS) (width 0.15))
    (fp_line (start -3.3 -6.1) (end -3.3 -6.5) (layer F.SilkS) (width 0.15))
    (fp_line (start -3.3 6.5) (end -3.3 6.1) (layer F.SilkS) (width 0.15))
    (fp_line (start 3.3 6.1) (end 3.3 6.5) (layer F.SilkS) (width 0.15))
    (fp_line (start 3.3 6.5) (end -3.3 6.5) (layer F.SilkS) (width 0.15))
    (fp_line (start 3.3 -6.5) (end 0.3 -6.5) (layer F.SilkS) (width 0.15))
    (fp_circle (center -4.3 -6.4) (end -4.3 -6.3) (layer F.SilkS) (width 0.254))
    (fp_line (start -4.75 -6.75) (end -4.75 6.75) (layer F.CrtYd) (width 0.12))
    (fp_line (start -4.75 6.75) (end 4.75 6.75) (layer F.CrtYd) (width 0.12))
    (fp_line (start 4.75 6.75) (end 4.75 -6.75) (layer F.CrtYd) (width 0.12))
    (fp_line (start 4.75 -6.75) (end -4.75 -6.75) (layer F.CrtYd) (width 0.12))
    (fp_arc (start 0 -6.5) (end -0.3 -6.5) (angle -180) (layer F.SilkS) (width 0.15))
    (pad 48 smd rect (at 3.75 -5.75 180) (size 1.4 0.28) (layers F.Cu F.Paste F.Mask)
      (net 2 GND) (zone_connect 0))
    (pad 47 smd rect (at 3.75 -5.25 180) (size 1.4 0.28) (layers F.Cu F.Paste F.Mask)
      (net 83 /BUSRESET) (zone_connect 0))
    (pad 46 smd rect (at 3.75 -4.75 180) (size 1.4 0.28) (layers F.Cu F.Paste F.Mask)
      (net 149 /AEN) (zone_connect 0))
    (pad 45 smd rect (at 3.75 -4.25 180) (size 1.4 0.28) (layers F.Cu F.Paste F.Mask)
      (net 2 GND) (zone_connect 0))
    (pad 44 smd rect (at 3.75 -3.75 180) (size 1.4 0.28) (layers F.Cu F.Paste F.Mask)
      (net 59 "Net-(R10-Pad1)") (zone_connect 0))
    (pad 43 smd rect (at 3.75 -3.25 180) (size 1.4 0.28) (layers F.Cu F.Paste F.Mask)
      (net 150 /ALE) (zone_connect 0))
    (pad 42 smd rect (at 3.75 -2.75 180) (size 1.4 0.28) (layers F.Cu F.Paste F.Mask)
      (net 4 +3V3) (zone_connect 0))
    (pad 41 smd rect (at 3.75 -2.25 180) (size 1.4 0.28) (layers F.Cu F.Paste F.Mask)
      (net 62 "Net-(R11-Pad1)") (zone_connect 0))
    (pad 40 smd rect (at 3.75 -1.75 180) (size 1.4 0.28) (layers F.Cu F.Paste F.Mask)
      (zone_connect 0))
    (pad 39 smd rect (at 3.75 -1.25 180) (size 1.4 0.28) (layers F.Cu F.Paste F.Mask)
      (net 2 GND) (zone_connect 0))
    (pad 38 smd rect (at 3.75 -0.75 180) (size 1.4 0.28) (layers F.Cu F.Paste F.Mask)
      (zone_connect 0))
    (pad 37 smd rect (at 3.75 -0.25 180) (size 1.4 0.28) (layers F.Cu F.Paste F.Mask)
      (zone_connect 0))
    (pad 36 smd rect (at 3.75 0.25 180) (size 1.4 0.28) (layers F.Cu F.Paste F.Mask)
      (zone_connect 0))
    (pad 35 smd rect (at 3.75 0.75 180) (size 1.4 0.28) (layers F.Cu F.Paste F.Mask)
      (zone_connect 0))
    (pad 34 smd rect (at 3.75 1.25 180) (size 1.4 0.28) (layers F.Cu F.Paste F.Mask)
      (net 2 GND) (zone_connect 0))
    (pad 33 smd rect (at 3.75 1.75 180) (size 1.4 0.28) (layers F.Cu F.Paste F.Mask)
      (zone_connect 0))
    (pad 32 smd rect (at 3.75 2.25 180) (size 1.4 0.28) (layers F.Cu F.Paste F.Mask)
      (zone_connect 0))
    (pad 31 smd rect (at 3.75 2.75 180) (size 1.4 0.28) (layers F.Cu F.Paste F.Mask)
      (net 4 +3V3) (zone_connect 0))
    (pad 30 smd rect (at 3.75 3.25 180) (size 1.4 0.28) (layers F.Cu F.Paste F.Mask)
      (zone_connect 0))
    (pad 29 smd rect (at 3.75 3.75 180) (size 1.4 0.28) (layers F.Cu F.Paste F.Mask)
      (zone_connect 0))
    (pad 28 smd rect (at 3.75 4.25 180) (size 1.4 0.28) (layers F.Cu F.Paste F.Mask)
      (net 2 GND) (zone_connect 0))
    (pad 27 smd rect (at 3.75 4.75 180) (size 1.4 0.28) (layers F.Cu F.Paste F.Mask)
      (zone_connect 0))
    (pad 26 smd rect (at 3.75 5.25 180) (size 1.4 0.28) (layers F.Cu F.Paste F.Mask)
      (zone_connect 0))
    (pad 25 smd rect (at 3.75 5.75 180) (size 1.4 0.28) (layers F.Cu F.Paste F.Mask)
      (zone_connect 0))
    (pad 24 smd rect (at -3.75 5.75 180) (size 1.4 0.28) (layers F.Cu F.Paste F.Mask)
      (net 4 +3V3) (zone_connect 0))
    (pad 23 smd rect (at -3.75 5.25 180) (size 1.4 0.28) (layers F.Cu F.Paste F.Mask)
      (zone_connect 0))
    (pad 22 smd rect (at -3.75 4.75 180) (size 1.4 0.28) (layers F.Cu F.Paste F.Mask)
      (zone_connect 0))
    (pad 21 smd rect (at -3.75 4.25 180) (size 1.4 0.28) (layers F.Cu F.Paste F.Mask)
      (net 2 GND) (zone_connect 0))
    (pad 20 smd rect (at -3.75 3.75 180) (size 1.4 0.28) (layers F.Cu F.Paste F.Mask)
      (zone_connect 0))
    (pad 19 smd rect (at -3.75 3.25 180) (size 1.4 0.28) (layers F.Cu F.Paste F.Mask)
      (zone_connect 0))
    (pad 18 smd rect (at -3.75 2.75 180) (size 1.4 0.28) (layers F.Cu F.Paste F.Mask)
      (net 3 +5V) (zone_connect 0))
    (pad 17 smd rect (at -3.75 2.25 180) (size 1.4 0.28) (layers F.Cu F.Paste F.Mask)
      (zone_connect 0))
    (pad 16 smd rect (at -3.75 1.75 180) (size 1.4 0.28) (layers F.Cu F.Paste F.Mask)
      (zone_connect 0))
    (pad 15 smd rect (at -3.75 1.25 180) (size 1.4 0.28) (layers F.Cu F.Paste F.Mask)
      (net 2 GND) (zone_connect 0))
    (pad 14 smd rect (at -3.75 0.75 180) (size 1.4 0.28) (layers F.Cu F.Paste F.Mask)
      (zone_connect 0))
    (pad 13 smd rect (at -3.75 0.25 180) (size 1.4 0.28) (layers F.Cu F.Paste F.Mask)
      (zone_connect 0))
    (pad 12 smd rect (at -3.75 -0.25 180) (size 1.4 0.28) (layers F.Cu F.Paste F.Mask)
      (net 2 GND) (zone_connect 0))
    (pad 11 smd rect (at -3.75 -0.75 180) (size 1.4 0.28) (layers F.Cu F.Paste F.Mask)
      (net 2 GND) (zone_connect 0))
    (pad 10 smd rect (at -3.75 -1.25 180) (size 1.4 0.28) (layers F.Cu F.Paste F.Mask)
      (net 2 GND) (zone_connect 0))
    (pad 9 smd rect (at -3.75 -1.75 180) (size 1.4 0.28) (layers F.Cu F.Paste F.Mask)
      (net 2 GND) (zone_connect 0))
    (pad 8 smd rect (at -3.75 -2.25 180) (size 1.4 0.28) (layers F.Cu F.Paste F.Mask)
      (net 86 /OSC_14M318_5V) (zone_connect 0))
    (pad 7 smd rect (at -3.75 -2.75 180) (size 1.4 0.28) (layers F.Cu F.Paste F.Mask)
      (net 3 +5V) (zone_connect 0))
    (pad 6 smd rect (at -3.75 -3.25 180) (size 1.4 0.28) (layers F.Cu F.Paste F.Mask)
      (net 87 /ALE_5V) (zone_connect 0))
    (pad 5 smd rect (at -3.75 -3.75 180) (size 1.4 0.28) (layers F.Cu F.Paste F.Mask)
      (net 85 /BUSCLK_5V) (zone_connect 0))
    (pad 4 smd rect (at -3.75 -4.25 180) (size 1.4 0.28) (layers F.Cu F.Paste F.Mask)
      (net 2 GND) (zone_connect 0))
    (pad 3 smd rect (at -3.75 -4.75 180) (size 1.4 0.28) (layers F.Cu F.Paste F.Mask)
      (net 88 /AEN_5V) (zone_connect 0))
    (pad 2 smd rect (at -3.75 -5.25 180) (size 1.4 0.28) (layers F.Cu F.Paste F.Mask)
      (net 84 /RESET_5V) (zone_connect 0))
    (pad 1 smd rect (at -3.75 -5.75 180) (size 1.4 0.28) (layers F.Cu F.Paste F.Mask)
      (net 2 GND) (zone_connect 0))
    (model ${KISYS3DMOD}/Package_SO.3dshapes/TSSOP-48_6.1x12.5mm_P0.5mm.wrl
      (at (xyz 0 0 0))
      (scale (xyz 1 1 1))
      (rotate (xyz 0 0 0))
    )
  )

  (module Resistor_SMD:R_0603_1608Metric (layer F.Cu) (tedit 5F68FEEE) (tstamp 6113154C)
    (at 183.5 95.36 90)
    (descr "Resistor SMD 0603 (1608 Metric), square (rectangular) end terminal, IPC_7351 nominal, (Body size source: IPC-SM-782 page 72, https://www.pcb-3d.com/wordpress/wp-content/uploads/ipc-sm-782a_amendment_1_and_2.pdf), generated with kicad-footprint-generator")
    (tags resistor)
    (path /610A5499/610D9DD5)
    (attr smd)
    (fp_text reference R51 (at -3.72 0.03 90) (layer F.SilkS)
      (effects (font (size 1 1) (thickness 0.15)))
    )
    (fp_text value 510 (at 0 1.43 90) (layer F.Fab)
      (effects (font (size 1 1) (thickness 0.15)))
    )
    (fp_line (start -0.8 0.4125) (end -0.8 -0.4125) (layer F.Fab) (width 0.1))
    (fp_line (start -0.8 -0.4125) (end 0.8 -0.4125) (layer F.Fab) (width 0.1))
    (fp_line (start 0.8 -0.4125) (end 0.8 0.4125) (layer F.Fab) (width 0.1))
    (fp_line (start 0.8 0.4125) (end -0.8 0.4125) (layer F.Fab) (width 0.1))
    (fp_line (start -0.237258 -0.5225) (end 0.237258 -0.5225) (layer F.SilkS) (width 0.12))
    (fp_line (start -0.237258 0.5225) (end 0.237258 0.5225) (layer F.SilkS) (width 0.12))
    (fp_line (start -1.48 0.73) (end -1.48 -0.73) (layer F.CrtYd) (width 0.05))
    (fp_line (start -1.48 -0.73) (end 1.48 -0.73) (layer F.CrtYd) (width 0.05))
    (fp_line (start 1.48 -0.73) (end 1.48 0.73) (layer F.CrtYd) (width 0.05))
    (fp_line (start 1.48 0.73) (end -1.48 0.73) (layer F.CrtYd) (width 0.05))
    (fp_text user %R (at 0 0 90) (layer F.Fab)
      (effects (font (size 0.4 0.4) (thickness 0.06)))
    )
    (pad 2 smd roundrect (at 0.825 0 90) (size 0.8 0.95) (layers F.Cu F.Paste F.Mask) (roundrect_rratio 0.25)
      (net 222 "Net-(R51-Pad2)"))
    (pad 1 smd roundrect (at -0.825 0 90) (size 0.8 0.95) (layers F.Cu F.Paste F.Mask) (roundrect_rratio 0.25)
      (net 4 +3V3))
    (model ${KISYS3DMOD}/Resistor_SMD.3dshapes/R_0603_1608Metric.wrl
      (at (xyz 0 0 0))
      (scale (xyz 1 1 1))
      (rotate (xyz 0 0 0))
    )
  )

  (module Resistor_SMD:R_0603_1608Metric (layer F.Cu) (tedit 5F68FEEE) (tstamp 61114E04)
    (at 167.6 105.1 270)
    (descr "Resistor SMD 0603 (1608 Metric), square (rectangular) end terminal, IPC_7351 nominal, (Body size source: IPC-SM-782 page 72, https://www.pcb-3d.com/wordpress/wp-content/uploads/ipc-sm-782a_amendment_1_and_2.pdf), generated with kicad-footprint-generator")
    (tags resistor)
    (path /610A5499/6142895E)
    (attr smd)
    (fp_text reference R36 (at 3 -0.1 90) (layer F.SilkS)
      (effects (font (size 1 1) (thickness 0.15)))
    )
    (fp_text value DNI (at 0 1.43 90) (layer F.Fab)
      (effects (font (size 1 1) (thickness 0.15)))
    )
    (fp_line (start 1.48 0.73) (end -1.48 0.73) (layer F.CrtYd) (width 0.05))
    (fp_line (start 1.48 -0.73) (end 1.48 0.73) (layer F.CrtYd) (width 0.05))
    (fp_line (start -1.48 -0.73) (end 1.48 -0.73) (layer F.CrtYd) (width 0.05))
    (fp_line (start -1.48 0.73) (end -1.48 -0.73) (layer F.CrtYd) (width 0.05))
    (fp_line (start -0.237258 0.5225) (end 0.237258 0.5225) (layer F.SilkS) (width 0.12))
    (fp_line (start -0.237258 -0.5225) (end 0.237258 -0.5225) (layer F.SilkS) (width 0.12))
    (fp_line (start 0.8 0.4125) (end -0.8 0.4125) (layer F.Fab) (width 0.1))
    (fp_line (start 0.8 -0.4125) (end 0.8 0.4125) (layer F.Fab) (width 0.1))
    (fp_line (start -0.8 -0.4125) (end 0.8 -0.4125) (layer F.Fab) (width 0.1))
    (fp_line (start -0.8 0.4125) (end -0.8 -0.4125) (layer F.Fab) (width 0.1))
    (fp_text user %R (at 0 0 90) (layer F.Fab)
      (effects (font (size 0.4 0.4) (thickness 0.06)))
    )
    (pad 1 smd roundrect (at -0.825 0 270) (size 0.8 0.95) (layers F.Cu F.Paste F.Mask) (roundrect_rratio 0.25)
      (net 213 "Net-(R35-Pad2)"))
    (pad 2 smd roundrect (at 0.825 0 270) (size 0.8 0.95) (layers F.Cu F.Paste F.Mask) (roundrect_rratio 0.25)
      (net 2 GND))
    (model ${KISYS3DMOD}/Resistor_SMD.3dshapes/R_0603_1608Metric.wrl
      (at (xyz 0 0 0))
      (scale (xyz 1 1 1))
      (rotate (xyz 0 0 0))
    )
  )

  (module Resistor_SMD:R_0603_1608Metric (layer F.Cu) (tedit 5F68FEEE) (tstamp 611063A7)
    (at 167.6 102 270)
    (descr "Resistor SMD 0603 (1608 Metric), square (rectangular) end terminal, IPC_7351 nominal, (Body size source: IPC-SM-782 page 72, https://www.pcb-3d.com/wordpress/wp-content/uploads/ipc-sm-782a_amendment_1_and_2.pdf), generated with kicad-footprint-generator")
    (tags resistor)
    (path /610A5499/6141ECA4)
    (attr smd)
    (fp_text reference R35 (at 0.13 1.47 90) (layer F.SilkS)
      (effects (font (size 1 1) (thickness 0.15)))
    )
    (fp_text value 10k (at 0 1.43 90) (layer F.Fab)
      (effects (font (size 1 1) (thickness 0.15)))
    )
    (fp_line (start 1.48 0.73) (end -1.48 0.73) (layer F.CrtYd) (width 0.05))
    (fp_line (start 1.48 -0.73) (end 1.48 0.73) (layer F.CrtYd) (width 0.05))
    (fp_line (start -1.48 -0.73) (end 1.48 -0.73) (layer F.CrtYd) (width 0.05))
    (fp_line (start -1.48 0.73) (end -1.48 -0.73) (layer F.CrtYd) (width 0.05))
    (fp_line (start -0.237258 0.5225) (end 0.237258 0.5225) (layer F.SilkS) (width 0.12))
    (fp_line (start -0.237258 -0.5225) (end 0.237258 -0.5225) (layer F.SilkS) (width 0.12))
    (fp_line (start 0.8 0.4125) (end -0.8 0.4125) (layer F.Fab) (width 0.1))
    (fp_line (start 0.8 -0.4125) (end 0.8 0.4125) (layer F.Fab) (width 0.1))
    (fp_line (start -0.8 -0.4125) (end 0.8 -0.4125) (layer F.Fab) (width 0.1))
    (fp_line (start -0.8 0.4125) (end -0.8 -0.4125) (layer F.Fab) (width 0.1))
    (fp_text user %R (at 0 0 90) (layer F.Fab)
      (effects (font (size 0.4 0.4) (thickness 0.06)))
    )
    (pad 1 smd roundrect (at -0.825 0 270) (size 0.8 0.95) (layers F.Cu F.Paste F.Mask) (roundrect_rratio 0.25)
      (net 4 +3V3))
    (pad 2 smd roundrect (at 0.825 0 270) (size 0.8 0.95) (layers F.Cu F.Paste F.Mask) (roundrect_rratio 0.25)
      (net 213 "Net-(R35-Pad2)"))
    (model ${KISYS3DMOD}/Resistor_SMD.3dshapes/R_0603_1608Metric.wrl
      (at (xyz 0 0 0))
      (scale (xyz 1 1 1))
      (rotate (xyz 0 0 0))
    )
  )

  (module Resistor_SMD:R_0603_1608Metric (layer F.Cu) (tedit 5F68FEEE) (tstamp 61106487)
    (at 174.9 101.9 270)
    (descr "Resistor SMD 0603 (1608 Metric), square (rectangular) end terminal, IPC_7351 nominal, (Body size source: IPC-SM-782 page 72, https://www.pcb-3d.com/wordpress/wp-content/uploads/ipc-sm-782a_amendment_1_and_2.pdf), generated with kicad-footprint-generator")
    (tags resistor)
    (path /610A5499/6123B435)
    (attr smd)
    (fp_text reference R49 (at 3.1 -0.1 90) (layer F.SilkS)
      (effects (font (size 1 1) (thickness 0.15)))
    )
    (fp_text value 10k (at 0 1.43 90) (layer F.Fab)
      (effects (font (size 1 1) (thickness 0.15)))
    )
    (fp_line (start 1.48 0.73) (end -1.48 0.73) (layer F.CrtYd) (width 0.05))
    (fp_line (start 1.48 -0.73) (end 1.48 0.73) (layer F.CrtYd) (width 0.05))
    (fp_line (start -1.48 -0.73) (end 1.48 -0.73) (layer F.CrtYd) (width 0.05))
    (fp_line (start -1.48 0.73) (end -1.48 -0.73) (layer F.CrtYd) (width 0.05))
    (fp_line (start -0.237258 0.5225) (end 0.237258 0.5225) (layer F.SilkS) (width 0.12))
    (fp_line (start -0.237258 -0.5225) (end 0.237258 -0.5225) (layer F.SilkS) (width 0.12))
    (fp_line (start 0.8 0.4125) (end -0.8 0.4125) (layer F.Fab) (width 0.1))
    (fp_line (start 0.8 -0.4125) (end 0.8 0.4125) (layer F.Fab) (width 0.1))
    (fp_line (start -0.8 -0.4125) (end 0.8 -0.4125) (layer F.Fab) (width 0.1))
    (fp_line (start -0.8 0.4125) (end -0.8 -0.4125) (layer F.Fab) (width 0.1))
    (fp_text user %R (at 0 0 90) (layer F.Fab)
      (effects (font (size 0.4 0.4) (thickness 0.06)))
    )
    (pad 1 smd roundrect (at -0.825 0 270) (size 0.8 0.95) (layers F.Cu F.Paste F.Mask) (roundrect_rratio 0.25)
      (net 4 +3V3))
    (pad 2 smd roundrect (at 0.825 0 270) (size 0.8 0.95) (layers F.Cu F.Paste F.Mask) (roundrect_rratio 0.25)
      (net 220 "Net-(R49-Pad2)"))
    (model ${KISYS3DMOD}/Resistor_SMD.3dshapes/R_0603_1608Metric.wrl
      (at (xyz 0 0 0))
      (scale (xyz 1 1 1))
      (rotate (xyz 0 0 0))
    )
  )

  (module Resistor_SMD:R_0603_1608Metric (layer F.Cu) (tedit 5F68FEEE) (tstamp 611063D7)
    (at 169.8 105.1 270)
    (descr "Resistor SMD 0603 (1608 Metric), square (rectangular) end terminal, IPC_7351 nominal, (Body size source: IPC-SM-782 page 72, https://www.pcb-3d.com/wordpress/wp-content/uploads/ipc-sm-782a_amendment_1_and_2.pdf), generated with kicad-footprint-generator")
    (tags resistor)
    (path /610A5499/614284CA)
    (attr smd)
    (fp_text reference R38 (at 3 -0.1 90) (layer F.SilkS)
      (effects (font (size 1 1) (thickness 0.15)))
    )
    (fp_text value 10k (at 0 1.43 90) (layer F.Fab)
      (effects (font (size 1 1) (thickness 0.15)))
    )
    (fp_line (start -0.8 0.4125) (end -0.8 -0.4125) (layer F.Fab) (width 0.1))
    (fp_line (start -0.8 -0.4125) (end 0.8 -0.4125) (layer F.Fab) (width 0.1))
    (fp_line (start 0.8 -0.4125) (end 0.8 0.4125) (layer F.Fab) (width 0.1))
    (fp_line (start 0.8 0.4125) (end -0.8 0.4125) (layer F.Fab) (width 0.1))
    (fp_line (start -0.237258 -0.5225) (end 0.237258 -0.5225) (layer F.SilkS) (width 0.12))
    (fp_line (start -0.237258 0.5225) (end 0.237258 0.5225) (layer F.SilkS) (width 0.12))
    (fp_line (start -1.48 0.73) (end -1.48 -0.73) (layer F.CrtYd) (width 0.05))
    (fp_line (start -1.48 -0.73) (end 1.48 -0.73) (layer F.CrtYd) (width 0.05))
    (fp_line (start 1.48 -0.73) (end 1.48 0.73) (layer F.CrtYd) (width 0.05))
    (fp_line (start 1.48 0.73) (end -1.48 0.73) (layer F.CrtYd) (width 0.05))
    (fp_text user %R (at 0 0 90) (layer F.Fab)
      (effects (font (size 0.4 0.4) (thickness 0.06)))
    )
    (pad 2 smd roundrect (at 0.825 0 270) (size 0.8 0.95) (layers F.Cu F.Paste F.Mask) (roundrect_rratio 0.25)
      (net 2 GND))
    (pad 1 smd roundrect (at -0.825 0 270) (size 0.8 0.95) (layers F.Cu F.Paste F.Mask) (roundrect_rratio 0.25)
      (net 214 "Net-(R37-Pad2)"))
    (model ${KISYS3DMOD}/Resistor_SMD.3dshapes/R_0603_1608Metric.wrl
      (at (xyz 0 0 0))
      (scale (xyz 1 1 1))
      (rotate (xyz 0 0 0))
    )
  )

  (module Resistor_SMD:R_0603_1608Metric (layer F.Cu) (tedit 5F68FEEE) (tstamp 611063C7)
    (at 169.8 102 270)
    (descr "Resistor SMD 0603 (1608 Metric), square (rectangular) end terminal, IPC_7351 nominal, (Body size source: IPC-SM-782 page 72, https://www.pcb-3d.com/wordpress/wp-content/uploads/ipc-sm-782a_amendment_1_and_2.pdf), generated with kicad-footprint-generator")
    (tags resistor)
    (path /610A5499/61426CDD)
    (attr smd)
    (fp_text reference R37 (at -2.95 0.16 90) (layer F.SilkS)
      (effects (font (size 1 1) (thickness 0.15)))
    )
    (fp_text value DNI (at 0 1.43 90) (layer F.Fab)
      (effects (font (size 1 1) (thickness 0.15)))
    )
    (fp_line (start -0.8 0.4125) (end -0.8 -0.4125) (layer F.Fab) (width 0.1))
    (fp_line (start -0.8 -0.4125) (end 0.8 -0.4125) (layer F.Fab) (width 0.1))
    (fp_line (start 0.8 -0.4125) (end 0.8 0.4125) (layer F.Fab) (width 0.1))
    (fp_line (start 0.8 0.4125) (end -0.8 0.4125) (layer F.Fab) (width 0.1))
    (fp_line (start -0.237258 -0.5225) (end 0.237258 -0.5225) (layer F.SilkS) (width 0.12))
    (fp_line (start -0.237258 0.5225) (end 0.237258 0.5225) (layer F.SilkS) (width 0.12))
    (fp_line (start -1.48 0.73) (end -1.48 -0.73) (layer F.CrtYd) (width 0.05))
    (fp_line (start -1.48 -0.73) (end 1.48 -0.73) (layer F.CrtYd) (width 0.05))
    (fp_line (start 1.48 -0.73) (end 1.48 0.73) (layer F.CrtYd) (width 0.05))
    (fp_line (start 1.48 0.73) (end -1.48 0.73) (layer F.CrtYd) (width 0.05))
    (fp_text user %R (at 0 0 90) (layer F.Fab)
      (effects (font (size 0.4 0.4) (thickness 0.06)))
    )
    (pad 2 smd roundrect (at 0.825 0 270) (size 0.8 0.95) (layers F.Cu F.Paste F.Mask) (roundrect_rratio 0.25)
      (net 214 "Net-(R37-Pad2)"))
    (pad 1 smd roundrect (at -0.825 0 270) (size 0.8 0.95) (layers F.Cu F.Paste F.Mask) (roundrect_rratio 0.25)
      (net 4 +3V3))
    (model ${KISYS3DMOD}/Resistor_SMD.3dshapes/R_0603_1608Metric.wrl
      (at (xyz 0 0 0))
      (scale (xyz 1 1 1))
      (rotate (xyz 0 0 0))
    )
  )

  (module Connector_PinHeader_2.54mm:PinHeader_2x06_P2.54mm_Vertical (layer F.Cu) (tedit 59FED5CC) (tstamp 6110CBB7)
    (at 162.9 81.8)
    (descr "Through hole straight pin header, 2x06, 2.54mm pitch, double rows")
    (tags "Through hole pin header THT 2x06 2.54mm double row")
    (path /610A5499/61215A67)
    (fp_text reference J8 (at 1.27 -2.33) (layer F.SilkS)
      (effects (font (size 1 1) (thickness 0.15)))
    )
    (fp_text value Conn_02x06_Odd_Even (at 1.27 15.03) (layer F.Fab)
      (effects (font (size 1 1) (thickness 0.15)))
    )
    (fp_line (start 0 -1.27) (end 3.81 -1.27) (layer F.Fab) (width 0.1))
    (fp_line (start 3.81 -1.27) (end 3.81 13.97) (layer F.Fab) (width 0.1))
    (fp_line (start 3.81 13.97) (end -1.27 13.97) (layer F.Fab) (width 0.1))
    (fp_line (start -1.27 13.97) (end -1.27 0) (layer F.Fab) (width 0.1))
    (fp_line (start -1.27 0) (end 0 -1.27) (layer F.Fab) (width 0.1))
    (fp_line (start -1.33 14.03) (end 3.87 14.03) (layer F.SilkS) (width 0.12))
    (fp_line (start -1.33 1.27) (end -1.33 14.03) (layer F.SilkS) (width 0.12))
    (fp_line (start 3.87 -1.33) (end 3.87 14.03) (layer F.SilkS) (width 0.12))
    (fp_line (start -1.33 1.27) (end 1.27 1.27) (layer F.SilkS) (width 0.12))
